
Cr20SiN50 = [1.18000000000000e-07 + 0.00000000000000i,0.0194415007499668 + 0.308573027114679i;1.19000000000000e-07 + 0.00000000000000i,0.0284650488011411 + 0.209126205326814i;1.20000000000000e-07 + 0.00000000000000i,0.106487789878087 + 0.0554191899205313i;1.21000000000000e-07 + 0.00000000000000i,0.243535231885908 + 0.0240050487525363i;1.22000000000000e-07 + 0.00000000000000i,0.329917336948914 + 0.0175458392110602i;1.23000000000000e-07 + 0.00000000000000i,0.397298653389772 + 0.0144200059668755i;1.24000000000000e-07 + 0.00000000000000i,0.454145525474057 + 0.0124818461564852i;1.25000000000000e-07 + 0.00000000000000i,0.504004325597965 + 0.0111253387867323i;1.26000000000000e-07 + 0.00000000000000i,0.548791193892773 + 0.0101043586700030i;1.27000000000000e-07 + 0.00000000000000i,0.589679939206441 + 0.00929781518595709i;1.28000000000000e-07 + 0.00000000000000i,0.627391079841674 + 0.00863692498401227i;1.29000000000000e-07 + 0.00000000000000i,0.662552824755887 + 0.00808181085824047i;1.30000000000000e-07 + 0.00000000000000i,0.695507177680007 + 0.00760430206006568i;1.31000000000000e-07 + 0.00000000000000i,0.726598068403383 + 0.00718656761346020i;1.50000000000000e-07 + 0.00000000000000i,1.13101741798373 + 0.00388643188046081i;1.50000000000000e-07 + 0.00000000000000i,1.13101741798373 + 0.00388643188046081i;1.51000000000000e-07 + 0.00000000000000i,1.14671565305949 + 0.00389148724367364i;1.51000000000000e-07 + 0.00000000000000i,1.14671565305949 + 0.00389148724367364i;1.52000000000000e-07 + 0.00000000000000i,1.16211044437249 + 0.00390590693769815i;1.52000000000000e-07 + 0.00000000000000i,1.16211044437249 + 0.00390590693769815i;1.53000000000000e-07 + 0.00000000000000i,1.17725845267787 + 0.00393691821615221i;1.53000000000000e-07 + 0.00000000000000i,1.17725845267787 + 0.00393691821615221i;1.54000000000000e-07 + 0.00000000000000i,1.19218844338718 + 0.00399271502346508i;1.54000000000000e-07 + 0.00000000000000i,1.19218844338718 + 0.00399271502346508i;1.55000000000000e-07 + 0.00000000000000i,1.20696724718931 + 0.00408541550311510i;1.55000000000000e-07 + 0.00000000000000i,1.20696724718931 + 0.00408541550311510i;1.56000000000000e-07 + 0.00000000000000i,1.22164841298173 + 0.00423066828216814i;1.56000000000000e-07 + 0.00000000000000i,1.22164841298173 + 0.00423066828216814i;1.57000000000000e-07 + 0.00000000000000i,1.23633729840494 + 0.00445092881876850i;1.57000000000000e-07 + 0.00000000000000i,1.23633729840494 + 0.00445092881876850i;1.58000000000000e-07 + 0.00000000000000i,1.25112895270476 + 0.00477095164599735i;1.58000000000000e-07 + 0.00000000000000i,1.25112895270476 + 0.00477095164599735i;1.59000000000000e-07 + 0.00000000000000i,1.26618239703540 + 0.00521416630656813i;1.59000000000000e-07 + 0.00000000000000i,1.26618239703540 + 0.00521416630656813i;1.60000000000000e-07 + 0.00000000000000i,1.28162579440523 + 0.00578143546816289i;1.60000000000000e-07 + 0.00000000000000i,1.28162579440523 + 0.00578143546816289i;1.61000000000000e-07 + 0.00000000000000i,1.29757811944858 + 0.00643297611678536i;1.62000000000000e-07 + 0.00000000000000i,1.31405202018538 + 0.00708966325270764i;1.63000000000000e-07 + 0.00000000000000i,1.33096015891154 + 0.00767451465910452i;1.64000000000000e-07 + 0.00000000000000i,1.34811632685164 + 0.00814849195700809i;1.65000000000000e-07 + 0.00000000000000i,1.36536580535944 + 0.00851346765703040i;1.66000000000000e-07 + 0.00000000000000i,1.38256633807837 + 0.00878841925372288i;1.67000000000000e-07 + 0.00000000000000i,1.39961896023373 + 0.00899517717417126i;1.68000000000000e-07 + 0.00000000000000i,1.41646898037289 + 0.00915279939438934i;1.69000000000000e-07 + 0.00000000000000i,1.43307192141293 + 0.00927473305671589i;1.70000000000000e-07 + 0.00000000000000i,1.44940680503950 + 0.00937101389778362i;1.71000000000000e-07 + 0.00000000000000i,1.46546169732467 + 0.00944832300810517i;1.72000000000000e-07 + 0.00000000000000i,1.48123266759545 + 0.00951159458737310i;1.73000000000000e-07 + 0.00000000000000i,1.49671078689772 + 0.00956420183543032i;1.74000000000000e-07 + 0.00000000000000i,1.51190654361543 + 0.00960875238149419i;1.75000000000000e-07 + 0.00000000000000i,1.52682301315327 + 0.00964694226214542i;1.76000000000000e-07 + 0.00000000000000i,1.54146516337479 + 0.00968016717457596i;1.77000000000000e-07 + 0.00000000000000i,1.55583211029107 + 0.00970916348015761i;1.78000000000000e-07 + 0.00000000000000i,1.56993536713200 + 0.00973488069636577i;1.79000000000000e-07 + 0.00000000000000i,1.58378656183430 + 0.00975792093420902i;1.80000000000000e-07 + 0.00000000000000i,1.59737039907209 + 0.00977878376466706i;1.81000000000000e-07 + 0.00000000000000i,1.61072395846748 + 0.00979752895863899i;1.82000000000000e-07 + 0.00000000000000i,1.62383957285301 + 0.00981465120535767i;1.83000000000000e-07 + 0.00000000000000i,1.63672769426922 + 0.00983043188569114i;1.84000000000000e-07 + 0.00000000000000i,1.64939226153521 + 0.00984493112996927i;1.85000000000000e-07 + 0.00000000000000i,1.66184069563726 + 0.00985846521524374i;1.86000000000000e-07 + 0.00000000000000i,1.67407355007703 + 0.00987091542746828i;1.87000000000000e-07 + 0.00000000000000i,1.68609945376969 + 0.00988249694257800i;1.88000000000000e-07 + 0.00000000000000i,1.69792687342300 + 0.00989339466732668i;1.89000000000000e-07 + 0.00000000000000i,1.70955990957185 + 0.00990362465764574i;1.90000000000000e-07 + 0.00000000000000i,1.72099932353207 + 0.00991316821777592i;1.91000000000000e-07 + 0.00000000000000i,1.73225681211062 + 0.00992217188274771i;1.92000000000000e-07 + 0.00000000000000i,1.74333623545010 + 0.00993076492078073i;1.93000000000000e-07 + 0.00000000000000i,1.75423783300622 + 0.00993878954552184i;1.94000000000000e-07 + 0.00000000000000i,1.76497193260347 + 0.00994653877155179i;1.95000000000000e-07 + 0.00000000000000i,1.77553609031051 + 0.00995374941396632i;1.96000000000000e-07 + 0.00000000000000i,1.78593789121257 + 0.00996052735318179i;1.97000000000000e-07 + 0.00000000000000i,1.79618015122260 + 0.00996705756362765i;1.98000000000000e-07 + 0.00000000000000i,1.80627239481003 + 0.00997328285872908i;1.99000000000000e-07 + 0.00000000000000i,1.81620919625513 + 0.00997914800966526i;2.00000000000000e-07 + 0.00000000000000i,1.82600100853085 + 0.00998478513903706i;2.02000000000000e-07 + 0.00000000000000i,1.84515919436368 + 0.00999528038206897i;2.04000000000000e-07 + 0.00000000000000i,1.86377123456657 + 0.0100048451205208i;2.06000000000000e-07 + 0.00000000000000i,1.88184852461303 + 0.0100136404583176i;2.08000000000000e-07 + 0.00000000000000i,1.89943637233581 + 0.0100215764799601i;2.10000000000000e-07 + 0.00000000000000i,1.91654491094801 + 0.0100288360227814i;2.12000000000000e-07 + 0.00000000000000i,1.93319859674245 + 0.0100355012480801i;2.14000000000000e-07 + 0.00000000000000i,1.94941098309823 + 0.0100415192368206i;2.16000000000000e-07 + 0.00000000000000i,1.96520503383488 + 0.0100471264024853i;2.18000000000000e-07 + 0.00000000000000i,1.98059299290287 + 0.0100521509143666i;2.20000000000000e-07 + 0.00000000000000i,1.99559525608445 + 0.0100567786276653i;2.22000000000000e-07 + 0.00000000000000i,2.01022234167656 + 0.0100609461305641i;2.24000000000000e-07 + 0.00000000000000i,2.02449131344458 + 0.0100647600986005i;2.26000000000000e-07 + 0.00000000000000i,2.03841528775419 + 0.0100682009840202i;2.28000000000000e-07 + 0.00000000000000i,2.05200687739963 + 0.0100713126346580i;2.30000000000000e-07 + 0.00000000000000i,2.06527541804407 + 0.0100740489201582i;2.32000000000000e-07 + 0.00000000000000i,2.07823058538210 + 0.0100765996646508i;2.34000000000000e-07 + 0.00000000000000i,2.09089406140133 + 0.0100788231370669i;2.36000000000000e-07 + 0.00000000000000i,2.10326828578256 + 0.0100807711688812i;2.38000000000000e-07 + 0.00000000000000i,2.11536584224483 + 0.0100824968543999i;2.40000000000000e-07 + 0.00000000000000i,2.12719274558019 + 0.0100839650340099i;2.42000000000000e-07 + 0.00000000000000i,2.13875973757619 + 0.0100851995582621i;2.44000000000000e-07 + 0.00000000000000i,2.15007529862367 + 0.0100862473210502i;2.46000000000000e-07 + 0.00000000000000i,2.16114751403121 + 