

Al10SiN50 = [2.12000000000000e-07 + 0.00000000000000i,1.87952282995811 - 0.00548865699720150i;2.14000000000000e-07 + 0.00000000000000i,1.89728905506833 - 0.00501860779025938i;2.16000000000000e-07 + 0.00000000000000i,1.91456348371742 - 0.00457104410343824i;2.18000000000000e-07 + 0.00000000000000i,1.93136936442711 - 0.00414442361154639i;2.20000000000000e-07 + 0.00000000000000i,1.94772480254192 - 0.00373734173848195i;2.22000000000000e-07 + 0.00000000000000i,1.96365003524545 - 0.00334852665062466i;2.24000000000000e-07 + 0.00000000000000i,1.97916237146392 - 0.00297681301942546i;2.26000000000000e-07 + 0.00000000000000i,1.99427746240755 - 0.00262112575164900i;2.28000000000000e-07 + 0.00000000000000i,2.00901272473569 - 0.00228049887899446i;2.30000000000000e-07 + 0.00000000000000i,2.02338157632879 - 0.00195402052782070i;2.32000000000000e-07 + 0.00000000000000i,2.03739781568516 - 0.00164086725841679i;2.34000000000000e-07 + 0.00000000000000i,2.05107610487381 - 0.00134028156415910i;2.36000000000000e-07 + 0.00000000000000i,2.06442589182101 - 0.00105152553399793i;2.38000000000000e-07 + 0.00000000000000i,2.07746284956518 - 0.000773996407221126i;2.40000000000000e-07 + 0.00000000000000i,2.09019656008113 - 0.000507062804011783i;2.42000000000000e-07 + 0.00000000000000i,2.10263769516361 - 0.000250163212393220i;2.44000000000000e-07 + 0.00000000000000i,2.11479600304364 - 2.77549343695166e-06i;2.46000000000000e-07 + 0.00000000000000i,2.12668146946047 + 0.000235591814211730i;2.48000000000000e-07 + 0.00000000000000i,2.13830365345134 + 0.000465382175577268i;2.50000000000000e-07 + 0.00000000000000i,2.14967048815161 + 0.000687032672662445i;2.52000000000000e-07 + 0.00000000000000i,2.16079052364334 + 0.000900936700503051i;2.54000000000000e-07 + 0.00000000000000i,2.17167223167025 + 0.00110745700566786i;2.56000000000000e-07 + 0.00000000000000i,2.18232241377047 + 0.00130695184738684i;2.58000000000000e-07 + 0.00000000000000i,2.19274893530527 + 0.00149974379427466i;2.60000000000000e-07 + 0.00000000000000i,2.20295792457935 + 0.00168614515205873i;2.62000000000000e-07 + 0.00000000000000i,2.21295615374961 + 0.00186645025837456i;2.64000000000000e-07 + 0.00000000000000i,2.22275126221692 + 0.00204090371384065i;2.66000000000000e-07 + 0.00000000000000i,2.23234843765363 + 0.00220977624237678i;2.68000000000000e-07 + 0.00000000000000i,2.24175339772316 + 0.00237331215399919i;2.70000000000000e-07 + 0.00000000000000i,2.25097235701989 + 0.00253173120942312i;2.72000000000000e-07 + 0.00000000000000i,2.26000994454022 + 0.00268525603846594i;2.74000000000000e-07 + 0.00000000000000i,2.26887164589243 + 0.00283408753062489i;2.76000000000000e-07 + 0.00000000000000i,2.27756260600020 + 0.00297841586776219i;2.78000000000000e-07 + 0.00000000000000i,2.28608715204604 + 0.00311842915029377i;2.80000000000000e-07 + 0.00000000000000i,2.29445047465062 + 0.00325428869852107i;2.82000000000000e-07 + 0.00000000000000i,2.30265635517850 + 0.00338617179334016i;2.84000000000000e-07 + 0.00000000000000i,2.31070940984491 + 0.00351422611186040i;2.86000000000000e-07 + 0.00000000000000i,2.31861323892370 + 0.00363860631315134i;2.88000000000000e-07 + 0.00000000000000i,2.32637259250800 + 0.00375944204725214i;2.90000000000000e-07 + 0.00000000000000i,2.33399046784153 + 0.00387688015864953i;2.92000000000000e-07 + 0.00000000000000i,2.34147126129098 + 0.00399102965151551i;2.94000000000000e-07 + 0.00000000000000i,2.34881844548631 + 0.00410202125901169i;2.96000000000000e-07 + 0.00000000000000i,2.35603494776569 + 0.00420997136636369i;2.98000000000000e-07 + 0.00000000000000i,2.36312438019355 + 0.00431498659777576i;3.00000000000000e-07 + 0.00000000000000i,2.37008984144859 + 0.00441717542476463i;3.02000000000000e-07 + 0.00000000000000i,2.37693455683949 + 0.00451663145358315i;3.04000000000000e-07 + 0.00000000000000i,2.38366137368031 + 0.00461345523399148i;3.06000000000000e-07 + 0.00000000000000i,2.39027310111370 + 0.00470774078116900i;3.08000000000000e-07 + 0.00000000000000i,2.39677264599505 + 0.00479956848837592i;3.10000000000000e-07 + 0.00000000000000i,2.40316258733985 + 0.00488902837245364i;3.12000000000000e-07 + 0.00000000000000i,2.40944556762100 + 0.00497619740765360i;3.14000000000000e-07 + 0.00000000000000i,2.41562444199401 + 0.00506114591266558i;3.16000000000000e-07 + 0.00000000000000i,2.42170113660484 + 0.00514395602428519i;3.18000000000000e-07 + 0.00000000000000i,2.42767832636701 + 0.00522469482834790i;3.20000000000000e-07 + 0.00000000000000i,2.43355781655969 + 0.00530343829581633i;3.22000000000000e-07 + 0.00000000000000i,2.43934271501587 + 0.00538022986859452i;3.24000000000000e-07 + 0.00000000000000i,2.44503472516176 + 0.00545514633428891i;3.26000000000000e-07 + 0.00000000000000i,2.45063595652663 + 0.00552823999456546i;3.28000000000000e-07 + 0.00000000000000i,2.45614820933437 + 0.00559957762278461i;3.30000000000000e-07 + 0.00000000000000i,2.46157374562695 + 0.00566920726286000i;3.32000000000000e-07 + 0.00000000000000i,2.46691441832517 + 0.00573718158073261i;3.34000000000000e-07 + 0.00000000000000i,2.47217196867041 + 0.00580355305419889i;3.36000000000000e-07 + 0.00000000000000i,2.47734838648179 + 0.00586836959481092i;3.38000000000000e-07 + 0.00000000000000i,2.48244558396256 + 0.00593167257092354i;3.40000000000000e-07 + 0.00000000000000i,2.48746459860060 + 0.00599351893329295i;3.42000000000000e-07 + 0.00000000000000i,2.49240774993565 + 0.00605394215160603i;3.44000000000000e-07 + 0.00000000000000i,2.49727631954960 + 0.00611298728430689i;3.46000000000000e-07 + 0.00000000000000i,2.50207196298495 + 0.00617069389835204i;3.48000000000000e-07 + 0.00000000000000i,2.50679612151593 + 0.00622710317793576i;3.50000000000000e-07 + 0.00000000000000i,2.51145012557471 + 0.00628225677354332i;3.52000000000000e-07 + 0.00000000000000i,2.51603592097308 + 0.00633617586568011i;3.54000000000000e-07 + 0.00000000000000i,2.52055451231216 + 0.00638890649013827i;3.56000000000000e-07 + 0.00000000000000i,2.52500754194365 + 0.00644047597585186i;3.58000000000000e-07 + 0.00000000000000i,2.52939612959939 + 0.00649092072950063i;3.60000000000000e-07 + 0.00000000000000i,2.53372131297017 + 0.00654027721735065i;3.62000000000000e-07 + 0.00000000000000i,2.53798479316049 + 0.00658856575481598i;3.64000000000000e-07 + 0.00000000000000i,2.54218768484820 + 0.00663581761706200i;3.66000000000000e-07 + 0.00000000000000i,2.54633099644919 + 0.00668206692654124i;3.68000000000000e-07 + 0.00000000000000i,2.55041617093728 + 0.00672733371601595i;3.70000000000000e-07 + 0.00000000000000i,2.55444427456569 + 0.00677164570204113i;3.72000000000000e-07 + 0.00000000000000i,2.55841613237393 + 0.00681503214018318i;3.74000000000000e-07 + 0.00000000000000i,2.56233311547554 + 0.00685751371006650i;3.76000000000000e-07 + 0.00000000000000i,2.56619605248050 + 0.00689911866026948i;3.78000000000000e-07 + 0.00000000000000i,2.57000629792225 + 0.00693986229477805i;3.80000000000000e-07 + 0.00000000000000i,2.57376458519273 + 0.00697977355139050i;3.82000000000000e-07 + 0.00000000000000i,2.57747161156022 + 0.00701888097418030i;3.84000000000000e-07 + 0.00000000000000i,2.58112900915051 + 0.00705718698572536i;3.86000000000000e-07 + 0.00000000000000i,2.58473720585749 + 0.00709472453883568i;3.88000000000000e-07 + 0.00000000000000i,2.58829728403102 + 0.00713150937882275i;3.90000000000000e-07 + 0.00000000000000i,2.59181030866184 + 0.00716755592210468i;3.92000000000000e-07 + 0.00000000000000i,2.59527665965184 + 0.00720289320169963i;3.94000000000000e-07 + 0.00000000000000i,2.59869772531123 + 0.00723752730196791i;3.96000000000000e-07 + 0.00000000000000i,2.60207391034115 + 0.00727148510503648i;3.98000000000000e-07 + 0.00000000000000i,2.60540617919206 + 0.00730477911915039i;4.00000000000000e-07 + 0.00000000000000i,2.60869525284886 + 0.00733742811574404i];
