
Data= [0.00000000000000 + 0.00000000000000i,1.26557079629123 - 0.00932472645664755i,1.94570696862516 - 0.00379703598605149i,2.27328914997924 - 0.00221599623101426i,2.46823993308434 - 0.00150559415771619i;10.0000000000000 + 0.00000000000000i,1.22110289154899 - 0.00942313666137932i,1.91879823562202 - 0.00373277024956297i,2.25199107669535 - 0.00211860793820063i,2.44952611220830 - 0.00140331523841585i;20.0000000000000 + 0.00000000000000i,1.18745463375636 - 0.00938887892499917i,1.89849178808182 - 0.00369450834145190i,2.23625500065149 - 0.00205312244812641i,2.43583510554526 - 0.00133427160781550i;30.0000000000000 + 0.00000000000000i,1.16301518019806 - 0.00917175378174634i,1.88289913941371 - 0.00367144444647367i,2.22437376209491 - 0.00200750967832095i,2.42557392046884 - 0.00128593507713043i;40.0000000000000 + 0.00000000000000i,1.14659940498958 - 0.00879259626367971i,1.87076208308231 - 0.00365748619510691i,2.21524852166238 - 0.00197481623768856i,2.41773639722187 - 0.00125108280299722i;50.0000000000000 + 0.00000000000000i,1.13672903626534 - 0.00837595239685988i,1.86118636478329 - 0.00364912820421703i,2.20813031064451 - 0.00195082191962783i,2.41165153978464 - 0.00122534295160510i;60.0000000000000 + 0.00000000000000i,1.13148185415269 - 0.00804669117736053i,1.85358162904326 - 0.00364432038415357i,2.20252652087122 - 0.00193289719487032i,2.40687719078817 - 0.00120597812919869i;70.0000000000000 + 0.00000000000000i,1.12902181949485 - 0.00783000565148355i,1.84750375947322 - 0.00364165446892640i,2.19807702370472 - 0.00191930991177648i,2.40309631340577 - 0.00119117412578374i;80.0000000000000 + 0.00000000000000i,1.12809082417860 - 0.00769643849549874i,1.84259181036635 - 0.00364041668127565i,2.19450598117546 - 0.00190887205828849i,2.40007059078902 - 0.00117972054215466i;90.0000000000000 + 0.00000000000000i,1.12796392134853 - 0.00761452808367286i,1.83862546024605 - 0.00364006151437943i,2.19163450411099 - 0.00190080466594549i,2.39764172594266 - 0.00117077526604997i;100.000000000000 + 0.00000000000000i,1.12824371481501 - 0.00756282806445553i,1.83541402098534 - 0.00364023400996431i,2.18931667932241 - 0.00189450289598022i,2.39568300692019 - 0.00116373381780368i;110.000000000000 + 0.00000000000000i,1.12870595385344 - 0.00752947439375465i,1.83277895539653 - 0.00364079859910417i,2.18742476970035 - 0.00188956216696707i,2.39408851935551 - 0.00115815362066468i;120.000000000000 + 0.00000000000000i,1.12924416002497 - 0.00750728959237064i,1.83063373428516 - 0.00364157859401455i,2.18588726342652 - 0.00188569632356431i,2.39279367743663 - 0.00115372121869756i;130.000000000000 + 0.00000000000000i,1.12979616869713 - 0.00749208034868668i,1.82888839564509 - 0.00364241758329124i,2.18463711600713 - 0.00188264506343132i,2.39174086174716 - 0.00115017437605732i;140.000000000000 + 0.00000000000000i,1.13031865638522 - 0.00748167117626529i,1.82743909313063 - 0.00364336089541140i,2.18360454951152 - 0.00188023823762329i,2.39087417142266 - 0.00114733606885708i;150.000000000000 + 0.00000000000000i,1.13080462522136 - 0.00747443274328715i,1.82625542234653 - 0.00364432679256775i,2.18276141504900 - 0.00187835860333167i,2.39016664358886 - 0.00114506010927380i;160.000000000000 + 0.00000000000000i,1.13125001706670 - 0.00746919367309542i,1.82529443608374 - 0.00364520090763991i,2.18207522071924 - 0.00187687380285995i,2.38958984647171 - 0.00114323963684163i;170.000000000000 + 0.00000000000000i,1.13164101799513 - 0.00746560141118608i,1.82449195310739 - 0.00364608602070927i,2.18150573370742 - 0.00187569373789067i,2.38911264658513 - 0.00114177161716349i;180.000000000000 + 0.00000000000000i,1.13198860760187 - 0.00746312830329889i,1.82382575789758 - 0.00364695618415659i,2.18103419711726 - 0.00187479105909424i,2.38871894173118 - 0.00114058311150498i;190.000000000000 + 0.00000000000000i,1.13229702679170 - 0.00746135191419111i,1.82329406457518 - 0.00364769991769041i,2.18065527123207 - 0.00187406233317260i,2.38840021342071 - 0.00113964480939289i;200.000000000000 + 0.00000000000000i,1.13256502035635 - 0.00746008277061566i,1.82284679706261 - 0.00364840962724301i,2.18033841112625 - 0.00187349865326548i,2.38813510980178 - 0.00113888490314775i;210.000000000000 + 0.00000000000000i,1.13279251679929 - 0.00745942731531508i,1.82246885099263 - 0.00364908178132013i,2.18007226044611 - 0.00187307318284599i,2.38791404373724 - 0.00113826359390321i;220.000000000000 + 0.00000000000000i,1.13299918332742 - 0.00745879097570748i,1.82217567555448 - 0.00364964839133580i,2.17986250519848 - 0.00187274994725907i,2.38773772133145 - 0.00113777831861799i;230.000000000000 + 0.00000000000000i,1.13317270282054 - 0.00745848319694413i,1.82192494404408 - 0.00365017673378477i,2.17968557604255 - 0.00187247269982170i,2.38758966983294 - 0.00113738209835720i;240.000000000000 + 0.00000000000000i,1.13331811724860 - 0.00745847238957831i,1.82170861875189 - 0.00365068818374384i,2.17953433709862 - 0.00187228430524526i,2.38746438516919 - 0.00113707467727876i;250.000000000000 + 0.00000000000000i,1.13345172343392 - 0.00745833981578096i,1.82154843955325 - 0.00365110611469215i,2.17941932288982 - 0.00187213900874645i,2.38736727260859 - 0.00113682365615522i;260.000000000000 + 0.00000000000000i,1.13356202812798 - 0.00745838677307811i,1.82140868520275 - 0.00365146605180113i,2.17931999045446 - 0.00187203605044880i,2.38728471758790 - 0.00113661699296454i;270.000000000000 + 0.00000000000000i,1.13365339646381 - 0.00745853642759838i,1.82128172471916 - 0.00365186378669442i,2.17923261665795 - 0.00187196232864811i,2.38721284981266 - 0.00113646458493333i;280.000000000000 + 0.00000000000000i,1.13373971562598 - 0.00745855383498656i,1.82119695302485 - 0.00365211400707716i,2.17917065497661 - 0.00187189409421358i,2.38716000576529 - 0.00113633439640211i;290.000000000000 + 0.00000000000000i,1.13380972695736 - 0.00745867181662180i,1.82111841103366 - 0.00365237948015425i,2.17911537050166 - 0.00187184547196472i,2.38711379302647 - 0.00113623033196507i;300.000000000000 + 0.00000000000000i,1.13386585988749 - 0.00745887234805168i,1.82104303933335 - 0.00365264063774649i,2.17906381671786 - 0.00187183029655005i,2.38707232736074 - 0.00113614413935048i;310.000000000000 + 0.00000000000000i,1.13392040380915 - 0.00745896983022556i,1.82099984226119 - 0.00365281264824921i,2.17903132084411 - 0.00187181162901079i,2.38704379848991 - 0.00113609491587269i;320.000000000000 + 0.00000000000000i,1.13396409703403 - 0.00745909366289615i,1.82095571245749 - 0.00365299772840272i,2.17900016249311 - 0.00187180371376356i,2.38701783726678 - 0.00113604864654769i;330.000000000000 + 0.00000000000000i,1.13399672640812 - 0.00745932978801833i,1.82090931934433 - 0.00365316290756822i,2.17896918870315 - 0.00187179354729209i,2.38699337329900 - 0.00113599429474337i;340.000000000000 + 0.00000000000000i,1.13403205732612 - 0.00745940832767374i,1.82088908957886 - 0.00365329885065421i,2.17895312654947 - 0.00187180410649243i,2.38697901368140 - 0.00113596847560805i;350.000000000000 + 0.00000000000000i,1.13405997721045 - 0.00745948467329457i,1.82086478946190 - 0.00365339783173133i,2.17893582815636 - 0.00187179819458360i,2.38696440894154 - 0.00113594634817873i;360.000000000000 + 0.00000000000000i,1.13407967863520 - 0.00745963388383897i,1.82083356844053 - 0.00365354928548593i,2.17891614313366 - 0.00187179762599379i,2.38694915394918 - 0.00113592346150213i;370.000000000000 + 0.00000000000000i,1.13410193813722 - 0.00745971544753639i,1.82082713714231 - 0.00365361694620899i,2.17890910508312 - 0.00187182791188812i,2.38694258206896 - 0.00113591324140910i;380.000000000000 + 0.00000000000000i,1.13412000707987 - 0.00745973846755416i,1.82081400034414 - 0.00365365284167996i,2.17889979031997 - 0.00187181005890344i,2.38693451929967 - 0.00113589813480930i;390.000000000000 + 0.00000000000000i,1.13413006137809 - 0.00745990963639366i,1.82079174494698 - 0.00365376924074157i,2.17888642660612 - 0.00187181483753204i,2.38692431508378 - 0.00113589468221944i;400.000000000000 + 0.00000000000000i,1.13414571276338 - 0.00745992841725787i,1.82079306532700 - 