Data = [894.000000000000 + 0.00000000000000i,-0.00238709467381639 - 0.0370058624058360i,3.92118877176571 - 0.0296571151398154i,6.76254521617093 - 0.0181419271634791i,8.54886189819129 - 0.00909737808768700i;895.000000000000 + 0.00000000000000i,0.0114945825326714 - 0.0370651004653021i,3.93032638251847 - 0.0296291824557088i,6.76741278793056 - 0.0181052947869274i,8.55009440571758 - 0.00908801368431060i;896.000000000000 + 0.00000000000000i,0.0253362811089205 - 0.0371224497272768i,3.93946366356350 - 0.0296001387869826i,6.77226601298513 - 0.0180685965900277i,8.55132295878603 - 0.00907869654024557i;897.000000000000 + 0.00000000000000i,0.0391071564611095 - 0.0371793986149098i,3.94859577450619 - 0.0295709200965177i,6.77710409941916 - 0.0180321722201335i,8.55254732071990 - 0.00906952035924999i;898.000000000000 + 0.00000000000000i,0.0528592854466399 - 0.0372360426905293i,3.95771436377653 - 0.0295419205543427i,6.78192466126896 - 0.0179960754503632i,8.55376709479896 - 0.00906044510243514i;899.000000000000 + 0.00000000000000i,0.0665522058747287 - 0.0372912196719862i,3.96684394637656 - 0.0295116342791182i,6.78673489456399 - 0.0179598693875022i,8.55498465741321 - 0.00905122158095140i;900.000000000000 + 0.00000000000000i,0.0801931661305627 - 0.0373458610734014i,3.97595841025741 - 0.0294814520507972i,6.79152786420087 - 0.0179239498374972i,8.55619734290302 - 0.00904218363885866i;901.000000000000 + 0.00000000000000i,0.0937985712360606 - 0.0373993934918953i,3.98507198836846 - 0.0294508474480991i,6.79630719511331 - 0.0178882707964131i,8.55740694167119 - 0.00903310415915706i;902.000000000000 + 0.00000000000000i,0.107349267678373 - 0.0374520492592164i,3.99417739861128 - 0.0294198851231425i,6.80107197069402 - 0.0178524503884291i,8.55861242213102 - 0.00902406547345074i;903.000000000000 + 0.00000000000000i,0.120856340365534 - 0.0375046306957392i,4.00328173181764 - 0.0293882104004978i,6.80582298851234 - 0.0178169904098055i,8.55981424450625 - 0.00901513671147125i;904.000000000000 + 0.00000000000000i,0.134323819165948 - 0.0375567298234622i,4.01238562645475 - 0.0293554575840084i,6.81056288432067 - 0.0177810356593721i,8.56101436919790 - 0.00900582118289604i;905.000000000000 + 0.00000000000000i,0.147753643712546 - 0.0376073592574495i,4.02147376272024 - 0.0293232257415249i,6.81528435304666 - 0.0177458143472335i,8.56220813721841 - 0.00899705165140223i;906.000000000000 + 0.00000000000000i,0.161133384600135 - 0.0376580472785695i,4.03055334920450 - 0.0292905549347577i,6.81999166983173 - 0.0177106753123161i,8.56339937637306 - 0.00898806576816975i;907.000000000000 + 0.00000000000000i,0.174465453788601 - 0.0377080118813110i,4.03963672623913 - 0.0292585877005551i,6.82468606861529 - 0.0176764725751735i,8.56458617450419 - 0.00897952859041184i;908.000000000000 + 0.00000000000000i,0.187743994105979 - 0.0377581390771214i,4.04869246921450 - 0.0292245714828540i,6.82936400051862 - 0.0176410604157301i,8.56576980083658 - 0.00897051404746994i;909.000000000000 + 0.00000000000000i,0.200992887018202 - 0.0378071528190324i,4.05776384427644 - 0.0291903810941033i,6.83403306314152 - 0.0176062516398650i,8.56695023763920 - 0.00896180234184791i;910.000000000000 + 0.00000000000000i,0.214201270146977 - 0.0378554957719321i,4.06681391034570 - 0.0291562163089567i,6.83868526422477 - 0.0175715056083236i,8.56812751985781 - 0.00895286527262069i;911.000000000000 + 0.00000000000000i,0.227354376799855 - 0.0379039516405304i,4.07586442664605 - 0.0291214106355117i,6.84332571887939 - 0.0175368726996765i,8.56930117091511 - 0.00894406061149228i;912.000000000000 + 0.00000000000000i,0.240464998230465 - 0.0379522564310753i,4.08490187089783 - 0.0290863375659300i,6.84795066880987 - 0.0175024731120798i,8.57046974824795 - 0.00893557937951262i;913.000000000000 + 0.00000000000000i,0.253531263590079 - 0.0379991955906335i,4.09393180404387 - 0.0290512357655295i,6.85256177984371 - 0.0174684332301806i,8.57163533662339 - 0.00892705010790467i;914.000000000000 + 0.00000000000000i,0.266557760333534 - 0.0380461438351641i,4.10294601099179 - 0.0290159950522565i,6.85715836459030 - 0.0174344032021841i,8.57279814035898 - 0.00891833083009387i;915.000000000000 + 0.00000000000000i,0.279545315740323 - 0.0380936598425597i,4.11195496162483 - 0.0289802072288755i,6.86174236549459 - 0.0174003967025068i,8.57395707424587 - 0.00890973369888567i;916.000000000000 + 0.00000000000000i,0.292477408285092 - 0.0381411706124610i,4.12095986835548 - 0.0289437109187060i,6.86631479465862 - 0.0173663318367985i,8.57511227407494 - 0.00890129838213791i;917.000000000000 + 0.00000000000000i,0.305385051846667 - 0.0381874908637490i,4.12994156655484 - 0.0289077468737860i,6.87086968212329 - 0.0173327465545806i,8.57626460023431 - 0.00889263336157697i;918.000000000000 + 0.00000000000000i,0.318240576448570 - 0.0382344592473303i,4.13892298975548 - 0.0288709578430975i,6.87541270133300 - 0.0172992713825152i,8.57741159582511 - 0.00888444217130979i;919.000000000000 + 0.00000000000000i,0.331062948286592 - 0.0382810265951929i,4.14789686291202 - 0.0288339139484783i,6.87994528956343 - 0.0172657267698095i,8.57855811604205 - 0.00887582050783898i;920.000000000000 + 0.00000000000000i,0.343828894127991 - 0.0383280643601628i,4.15684936293411 - 0.0287964166234577i,6.88446129536110 - 0.0172321346171648i,8.57969959263798 - 0.00886735004868106i;921.000000000000 + 0.00000000000000i,0.356559411684487 - 0.0383744768640664i,4.16579586376830 - 0.0287592623306361i,6.88896416653085 - 0.0171991459181590i,8.58083758250866 - 0.00885902242706915i;922.000000000000 + 0.00000000000000i,0.369244809232304 - 0.0384217767183508i,4.17473149565422 - 0.0287217890466309i,6.89345468859671 - 0.0171660813321011i,8.58197240972293 - 0.00885068313205738i;923.000000000000 + 0.00000000000000i,0.381888121542943 - 0.0384682869604597i,4.18365277562021 - 0.0286843904050212i,6.89792935894843 - 0.0171336009227243i,8.58310260049095 - 0.00884257548435064i;924.000000000000 + 0.00000000000000i,0.394495203798206 - 0.0385158256059483i,4.19256583574977 - 0.0286457996117431i,6.90239501929071 - 0.0171004348181756i,8.58423208083901 - 0.00883403441764584i;925.000000000000 + 0.00000000000000i,0.407058508783231 - 0.0385636226333571i,4.20145961475198 - 0.0286077283216827i,6.90684379589199 - 0.0170677834172688i,8.58535627050195 - 0.00882578006386913i;926.000000000000 + 0.00000000000000i,0.419586522600297 - 0.0386116438102759i,4.21034955874649 - 0.0285691250135520i,6.91128249838824 - 0.0170351564007071i,8.58647768584094 - 0.00881756364693175i;927.000000000000 + 0.00000000000000i,0.432058590161334 - 0.0386610088182586i,4.21922607569997 - 0.0285303192753979i,6.91570819283340 - 0.0170025473294835i,8.58759569748673 - 0.00880938389953578i;928.000000000000 + 0.00000000000000i,0.444510523766007 - 0.0387102814186445i,4.22809133944640 - 0.0284912230798272i,6.92012066822118 - 0.0169702125884079i,8.58871038849096 - 0.00880123627105707i;929.000000000000 + 0.00000000000000i,0.456923410485048 - 0.0387596868903528i,4.23693211213584 - 0.0284524166612511i,6.92451713165826 - 0.0169380546316730i,8.58982138093005 - 0.00879306853542519i;930.000000000000 + 0.00000000000000i,0.469280849806942 - 0.0388113097142316i,4.24577373015635 - 0.0284131174393563i,6.92890464511292 - 0.0169059472434884i,8.59092923003267 - 0.00878508276449011i;931.000000000000 + 0.00000000000000i,0.481597464198544 - 0.0388632239327083i,4.25459369332943 - 0.0283744232035757i,6.93327674962424 - 0.0168742748605807i,8.59203368513322 - 0.00877709446552098i;932.000000000000 + 0.00000000000000i,0.493891137655031 - 0.0389161704477315i,4.26340057313369 - 0.0283351343470697i,6.93763620560189 - 0.0168425201270125i,8.59313426168491 - 0.00876922363825346i;933.000000000000 + 0.00000000000000i,0.506125593851330 - 0.0389707569019998i,4.27219639875174 - 0.0282955248230594i,6.94198447889744 - 0.0168106485099167i,8.59423278035708 - 0.00876113881524167i;934.000000000000 + 0.00000000000000i,0.518345395923479 - 0.0390273516879990i,4.28097640875550 - 0.0282562778626570i,6.94631911984186 - 0.0167791403002732i,8.59532777315454 - 